Federal Office of Meteorology and Climatology MeteoSwiss
MeteoSchweiz / MeteoSuisse / MeteoSvizzera / MeteoSwiss

Monthly homogenized values

Station:                  Grimsel Hospiz
Altitude [m asl]:         1980 m
Coordinates:              46° 34.3' N / 8° 20.0' E

Reference date of homogenization:
         Temperature:     01.12.2020
         Precipitation:   01.12.2020

Last inhomogeneity provisionally corrected:
         Temperature:     no
         Precipitation:   no

Units:
         Temperature:     °C
         Precipitation:   mm

Missing values:           NA

Data source:              MeteoSwiss
Creation date:            7.10.2023


Year  Month        Temperature      Precipitation  
1932      1               -2.8              216.8  
1932      2               -9.0               24.6  
1932      3               -5.2              169.0  
1932      4               -3.2              137.0  
1932      5                2.0              164.7  
1932      6                5.3              133.5  
1932      7                7.9              129.3  
1932      8               11.3               71.7  
1932      9                9.5               83.2  
1932     10                1.8              222.1  
1932     11               -0.1              105.7  
1932     12               -1.9                5.7  
1933      1               -7.7              110.5  
1933      2               -6.6              186.2  
1933      3               -3.1               98.6  
1933      4               -0.5              112.5  
1933      5                1.0              315.4  
1933      6                3.2              232.9  
1933      7                9.6               75.7  
1933      8                9.9               44.6  
1933      9                7.0              159.3  
1933     10                2.6              188.2  
1933     11               -4.1              141.5  
1933     12               -6.9               20.9  
1934      1               -5.7              218.4  
1934      2               -4.2               40.4  
1934      3               -4.1              140.3  
1934      4                1.0               89.9  
1934      5                4.9               62.2  
1934      6                6.3              174.4  
1934      7                9.6               97.5  
1934      8                7.2              196.2  
1934      9                7.8               57.3  
1934     10                2.3              166.8  
1934     11               -2.2              115.6  
1934     12               -2.3              122.6  
1935      1               -9.3              260.7  
1935      2               -6.2              428.3  
1935      3               -5.3              252.2  
1935      4               -2.7              273.6  
1935      5                0.8              113.4  
1935      6                7.9              105.5  
1935      7                9.4               56.9  
1935      8                7.9              165.8  
1935      9                7.5               93.6  
1935     10                1.7              417.8  
1935     11               -1.4              169.3  
1935     12               -6.6              212.5  
1936      1               -3.3              212.9  
1936      2               -6.1              189.2  
1936      3               -3.3              123.1  
1936      4               -1.3              176.0  
1936      5                3.3              121.5  
1936      6                5.8              142.7  
1936      7                7.5              183.8  
1936      8                8.6               63.0  
1936      9                5.8              241.5  
1936     10               -1.5              145.3  
1936     11               -2.0               53.7  
1936     12               -3.9              194.9  
1937      1               -3.8              129.6  
1937      2               -4.8              418.1  
1937      3               -5.9              266.6  
1937      4               -2.5              256.0  
1937      5                3.8              130.0  
1937      6                6.6              108.3  
1937      7                8.4               99.7  
1937      8                8.1              112.0  
1937      9                5.6              214.4  
1937     10                3.2              154.8  
1937     11               -2.7              100.2  
1937     12               -8.4              122.6  
1938      1               -6.3              303.5  
1938      2               -5.7              138.1  
1938      3               -1.3              103.4  
1938      4               -4.7              103.8  
1938      5                1.1              170.4  
1938      6                7.8              128.5  
1938      7                7.8              157.3  
1938      8                8.1              124.7  
1938      9                6.7               95.2  
1938     10                3.7               95.5  
1938     11                1.3               51.7  
1938     12               -5.8              179.0  
1939      1               -4.6              186.3  
1939      2               -3.8              103.3  
1939      3               -7.9              374.1  
1939      4                0.3              173.9  
1939      5               -0.1              268.8  
1939      6                6.2              105.4  
1939      7                7.5              143.1  
1939      8                8.6              119.1  
1939      9                5.5               67.8  
1939     10                0.5              276.0  
1939     11               -0.1              293.4  
1939     12               -6.1              130.6  
1940      1               -7.7              171.1  
1940      2               -5.0              277.7  
1940      3               -4.3              194.4  
1940      4               -1.7              163.6  
1940      5                2.0              179.0  
1940      6                5.4               94.7  
1940      7                7.1              158.8  
1940      8                7.2              119.0  
1940      9                6.2              251.7  
1940     10                2.4              194.0  
1940     11               -2.1              210.9  
1940     12               -9.2              244.8  
1941      1               -7.6              115.2  
1941      2               -6.3              214.3  
1941      3               -3.5              107.0  
1941      4               -2.8              131.2  
1941      5               -0.4              208.7  
1941      6                6.2               96.6  
1941      7                9.1               91.8  
1941      8                7.4              208.4  
1941      9                6.0               99.1  
1941     10                0.3              270.0  
1941     11               -2.5              111.3  
1941     12               -6.3              155.5  
1942      1              -10.7              183.1  
1942      2               -8.8               89.8  
1942      3               -1.5              130.6  
1942      4               -0.5              106.7  
1942      5                2.9              164.4  
1942      6                7.0               97.9  
1942      7                8.2              103.3  
1942      8                8.8              100.9  
1942      9                8.0              161.2  
1942     10                5.0              289.7  
1942     11               -3.1              113.3  
1942     12               -3.8               54.7  
1943      1               -5.5              245.3  
1943      2               -4.7              197.2  
1943      3               -1.7              107.6  
1943      4               -0.2              209.8  
1943      5                4.7               94.1  
1943      6                5.1              202.2  
1943      7                8.5               97.2  
1943      8               10.1               72.5  
1943      9                7.6              152.5  
1943     10                5.8               21.0  
1943     11               -3.8              178.2  
1943     12               -4.1               76.7  
1944      1               -3.8              195.9  
1944      2               -9.5              246.1  
1944      3               -7.9              347.3  
1944      4               -0.2               92.5  
1944      5                3.0               77.1  
1944      6                5.2              122.5  
1944      7                8.1              142.7  
1944      8               11.5               37.7  
1944      9                5.9              127.2  
1944     10                0.5              223.7  
1944     11               -4.1              397.7  
1944     12               -6.8              136.7  
1945      1              -10.7              125.7  
1945      2               -2.5              249.4  
1945      3               -2.9              249.0  
1945      4                0.5              176.3  
1945      5                4.1              135.8  
1945      6                7.8               69.9  
1945      7                9.8               97.1  
1945      8                8.0              183.6  
1945      9                6.4              249.2  
1945     10                2.7              176.6  
1945     11               -2.3              111.6  
1945     12               -5.5              243.9  
1946      1               -6.6              129.9  
1946      2               -5.6              391.4  
1946      3               -2.4              128.3  
1946      4                1.8               31.6  
1946      5                3.8              116.0  
1946      6                5.4              210.8  
1946      7                9.2              136.9  
1946      8                8.6              171.7  
1946      9                8.5               57.4  
1946     10                2.6              112.4  
1946     11               -1.5              122.7  
1946     12               -7.1              124.9  
1947      1               -8.0              129.3  
1947      2               -6.7              160.5  
1947      3               -2.5              256.9  
1947      4                2.7               72.2  
1947      5                5.3              176.5  
1947      6                9.3              137.6  
1947      7               10.5               78.3  
1947      8               11.3               54.1  
1947      9                9.0              126.2  
1947     10                5.0               66.5  
1947     11               -1.3              349.8  
1947     12               -7.3              529.0  
1948      1               -4.6              280.8  
1948      2               -5.8              318.9  
1948      3               -0.2               85.6  
1948      4               -0.4              154.6  
1948      5                4.4               79.4  
1948      6                4.7              242.1  
1948      7                6.1              228.7  
1948      8                8.7              147.4  
1948      9                6.7              184.9  
1948     10                4.3               73.5  
1948     11                1.4               59.0  
1948     12               -3.2               64.3  
1949      1               -4.2              230.5  
1949      2               -3.4              109.6  
1949      3               -5.7              268.1  
1949      4                2.6              129.1  
1949      5                2.8              169.1  
1949      6                6.9               65.9  
1949      7                9.7               36.7  
1949      8                9.2               87.8  
1949      9                9.7              118.3  
1949     10                5.7               40.6  
1949     11               -3.2              194.7  
1949     12               -2.7              155.1  
1950      1               -4.9              225.1  
1950      2               -3.3              332.0  
1950      3               -2.7               47.0  
1950      4               -3.3              225.0  
1950      5                4.2              132.4  
1950      6                8.9               77.5  
1950      7               10.4              111.6  
1950      8                8.8              138.9  
1950      9                5.6              158.9  
1950     10                3.1               44.0  
1950     11               -3.2              331.0  
1950     12               -7.9              112.2  
1951      1               -5.4              271.3  
1951      2               -6.2              396.8  
1951      3               -5.1              232.1  
1951      4               -1.2              166.9  
1951      5                3.0              169.3  
1951      6                6.3              163.0  
1951      7                8.9               59.0  
1951      8                8.5              156.7  
1951      9                7.4               79.2  
1951     10                3.0               96.3  
1951     11               -2.1              313.8  
1951     12               -3.4               84.8  
1952      1               -7.9              236.7  
1952      2               -8.2              191.0  
1952      3               -2.7              250.8  
1952      4                0.9               74.8  
1952      5                3.1               91.6  
1952      6                8.4               94.4  
1952      7               10.6               72.8  
1952      8                8.9               85.9  
1952      9                2.7              174.7  
1952     10                1.0              279.5  
1952     11               -5.3              376.2  
1952     12               -6.6              224.6  
1953      1               -7.7              102.7  
1953      2               -6.8              167.2  
1953      3               -3.0               32.3  
1953      4                0.9              165.9  
1953      5                4.5              128.1  
1953      6                5.3              213.6  
1953      7                9.2              142.5  
1953      8                8.5               71.8  
1953      9                7.3              167.4  
1953     10                4.1              282.5  
1953     11                0.0               38.1  
1953     12               -2.3              126.9  
1954      1               -8.4              304.1  
1954      2               -6.1               83.0  
1954      3               -2.3               70.2  
1954      4               -2.1              201.4  
1954      5                1.7              116.5  
1954      6                6.1              101.6  
1954      7                5.6              134.0  
1954      8                6.8              240.9  
1954      9                6.1              141.8  
1954     10                2.9              144.8  
1954     11               -0.2              112.2  
1954     12               -2.7              292.2  
1955      1               -3.9              193.7  
1955      2               -7.0              305.2  
1955      3               -4.9               80.9  
1955      4               -0.6              129.4  
1955      5                2.3              169.5  
1955      6                6.4              160.6  
1955      7                8.2              148.1  
1955      8                7.5               93.1  
1955      9                5.1              114.5  
1955     10                1.8              150.5  
1955     11               -1.1               54.7  
1955     12               -2.8              203.7  
1956      1               -5.5              173.4  
1956      2              -14.4               78.2  
1956      3               -4.8              236.5  
1956      4               -2.8              242.8  
1956      5                2.6              233.0  
1956      6                3.6              190.0  
1956      7                7.9              175.5  
1956      8                7.1              188.8  
1956      9                8.0              128.8  
1956     10                1.3              258.6  
1956     11               -3.9              146.1  
1956     12               -5.5               66.0  
1957      1               -5.4              139.0  
1957      2               -4.7              371.1  
1957      3               -0.8               38.8  
1957      4               -0.9              121.4  
1957      5                0.7              161.0  
1957      6                6.7              163.5  
1957      7                7.9              119.6  
1957      8                7.1              121.2  
1957      9                5.1              141.4  
1957     10                4.6               42.8  
1957     11                0.1               68.1  
1957     12               -5.4              126.1  
1958      1               -6.5              227.6  
1958      2               -4.0              410.7  
1958      3               -6.7              236.1  
1958      4               -4.0              358.4  
1958      5                4.5              188.0  
1958      6                5.9              121.8  
1958      7                9.0              128.0  
1958      8                9.9              152.7  
1958      9                8.7               93.7  
1958     10                2.5              338.8  
1958     11               -0.9              108.9  
1958     12               -4.2              159.3  
1959      1               -6.9              269.0  
1959      2               -3.6               59.9  
1959      3               -1.3              112.4  
1959      4               -0.7              150.2  
1959      5                3.2               96.1  
1959      6                6.6              164.7  
1959      7               10.3              135.0  
1959      8                8.3               85.6  
1959      9                8.7               30.1  
1959     10                3.1              182.7  
1959     11               -2.4              170.9  
1959     12               -4.7              243.4  
1960      1               -6.8              163.4  
1960      2               -4.6               95.5  
1960      3               -3.3              138.2  
1960      4               -1.5              136.1  
1960      5                3.8               90.9  
1960      6                7.5              128.5  
1960      7                6.8              223.8  
1960      8                8.1              185.8  
1960      9                4.8              254.3  
1960     10                1.1              290.9  
1960     11               -1.7              174.6  
1960     12               -5.9               83.6  
1961      1               -5.4               70.4  
1961      2               -2.9              391.9  
1961      3               -2.4              134.3  
1961      4                1.8              102.7  
1961      5                1.7              178.1  
1961      6                7.4              151.7  
1961      7                7.5              138.4  
1961      8                8.6              136.6  
1961      9               10.1               32.8  
1961     10                4.2              104.5  
1961     11               -1.6               99.4  
1961     12               -3.4              145.7  
1962      1               -5.2              236.8  
1962      2               -7.1              270.1  
1962      3               -7.6              227.6  
1962      4               -2.5              239.8  
1962      5                1.2              194.2  
1962      6                5.3               69.4  
1962      7                7.9               76.3  
1962      8               10.5               82.8  
1962      9                6.7               91.8  
1962     10                4.6               48.8  
1962     11               -3.5              106.6  
1962     12               -6.8              291.1  
1963      1               -9.9              120.6  
1963      2               -9.0               97.9  
1963      3               -4.1              254.9  
1963      4               -0.1              113.4  
1963      5                2.2              132.9  
1963      6                6.5              132.9  
1963      7               10.1               65.6  
1963      8                7.9              152.5  
1963      9                7.3              100.6  
1963     10                3.7               55.8  
1963     11               -0.1              137.9  
1963     12               -5.6               17.8  
1964      1               -4.7               40.2  
1964      2               -4.6               69.4  
1964      3               -4.0              160.5  
1964      4               -0.4              165.2  
1964      5                4.8              134.4  
1964      6                8.1               99.6  
1964      7               10.1               46.4  
1964      8                8.0              131.4  
1964      9                7.3               90.8  
1964     10                0.5              212.3  
1964     11               -0.8              129.6  
1964     12               -5.4              120.8  
1965      1               -5.9              189.6  
1965      2              -10.8              218.0  
1965      3               -4.9              242.0  
1965      4               -3.4              303.5  
1965      5                1.7              172.4  
1965      6                6.4              165.2  
1965      7                7.2              172.4  
1965      8                7.4              195.1  
1965      9                4.3              279.3  
1965     10                5.6                7.1  
1965     11               -3.0              228.6  
1965     12               -4.9              316.7  
1966      1               -7.1              157.5  
1966      2               -2.4              213.5  
1966      3               -6.2              357.3  
1966      4                0.6              105.0  
1966      5                2.9              140.9  
1966      6                6.9              108.7  
1966      7                6.6              137.8  
1966      8                7.5              137.3  
1966      9                8.7               49.4  
1966     10                5.1              132.0  
1966     11               -5.1              273.7  
1966     12               -6.2              466.4  
1967      1               -6.1              188.8  
1967      2               -5.0              123.1  
1967      3               -3.5              307.3  
1967      4               -2.7              283.3  
1967      5                2.2              262.1  
1967      6                5.1               89.8  
1967      7               10.4               71.1  
1967      8                8.6              113.7  
1967      9                6.1              125.0  
1967     10                5.8               56.2  
1967     11                0.6               87.1  
1967     12               -6.2              164.7  
1968      1               -7.5              548.9  
1968      2               -4.7              116.2  
1968      3               -4.1              166.2  
1968      4                0.4               89.4  
1968      5                2.2              187.6  
1968      6                6.6               94.4  
1968      7                8.1              134.1  
1968      8                7.0              196.4  
1968      9                5.6              148.5  
1968     10                5.6               44.5  
1968     11               -0.2               80.4  
1968     12               -5.6              181.8  
1969      1               -4.5              145.0  
1969      2               -9.3              165.5  
1969      3               -3.7               41.8  
1969      4               -1.7              289.9  
1969      5                4.0              125.4  
1969      6                4.4              258.8  
1969      7                9.5              107.4  
1969      8                7.4              203.0  
1969      9                8.1               34.5  
1969     10                6.0               13.1  
1969     11               -2.1              155.3  
1969     12               -8.9              175.8  
1970      1               -4.9              112.5  
1970      2               -6.0              550.8  
1970      3               -6.8              271.4  
1970      4               -3.6              350.9  
1970      5                1.3              175.8  
1970      6                7.2               81.5  
1970      7                7.9              139.2  
1970      8                8.5              159.8  
1970      9                8.1               79.3  
1970     10                2.8              228.7  
1970     11                0.0              119.0  
1970     12               -6.0              126.8  
1971      1               -5.9               33.8  
1971      2               -6.5              227.2  
1971      3               -8.2              184.9  
1971      4                1.3               43.5  
1971      5                4.5               51.6  
1971      6                4.7              214.2  
1971      7               10.1               43.8  
1971      8               10.5              130.8  
1971      9                5.6               83.2  
1971     10                5.0               26.5  
1971     11               -2.5              195.6  
1971     12               -1.3               97.9  
1972      1               -5.3               55.5  
1972      2               -3.6               68.1  
1972      3               -1.6               61.6  
1972      4               -2.0              212.8  
1972      5                2.0              152.4  
1972      6                5.5              175.6  
1972      7                8.0               76.4  
1972      8                7.6              130.7  
1972      9                3.3               91.5  
1972     10                3.2              159.6  
1972     11               -1.1              241.0  
1972     12               -2.4               14.5  
1973      1               -4.0               86.4  
1973      2               -7.7              216.9  
1973      3               -5.1               96.7  
1973      4               -4.8              281.6  
1973      5                4.2               81.7  
1973      6                7.2              168.3  
1973      7                8.0              180.4  
1973      8               10.4               89.7  
1973      9                7.5               67.6  
1973     10                2.6              147.2  
1973     11               -1.5              184.0  
1973     12               -5.2              237.7  
1974      1               -2.5              106.1  
1974      2               -5.0              182.9  
1974      3               -2.2               86.0  
1974      4               -1.3               63.0  
1974      5                2.3              132.9  
1974      6                5.2              141.5  
1974      7                8.1              113.7  
1974      8                9.6              107.4  
1974      9                5.6              166.7  
1974     10               -4.5              309.3  
1974     11               -2.7              231.5  
1974     12               -3.5              300.7  
1975      1               -2.6              212.8  
1975      2               -4.0               59.0  
1975      3               -5.5              195.3  
1975      4               -1.2              197.6  
1975      5                3.0              126.4  
1975      6                4.6              174.5  
1975      7                8.4              105.6  
1975      8                8.9              137.2  
1975      9                8.4               99.5  
1975     10                2.2              106.1  
1975     11               -2.3              199.3  
1975     12               -3.1               17.6  
1976      1               -6.0              227.2  
1976      2               -3.6               50.1  
1976      3               -4.2               43.3  
1976      4               -1.5              155.9  
1976      5                3.7               81.4  
1976      6                8.6              111.1  
1976      7                9.2              149.4  
1976      8                7.0              100.1  
1976      9                4.3              104.7  
1976     10                3.4              170.0  
1976     11               -3.2              183.0  
1976     12               -6.7              199.9  
1977      1               -5.6              149.7  
1977      2               -4.7              192.0  
1977      3               -1.4              134.5  
1977      4               -2.5              376.6  
1977      5                2.3              111.4  
1977      6                5.6               96.2  
1977      7                8.0              167.7  
1977      8                7.0              131.2  
1977      9                5.5               38.0  
1977     10                5.4              133.2  
1977     11               -3.0              255.8  
1977     12               -3.0               98.1  
1978      1               -5.5              246.7  
1978      2               -6.0              247.4  
1978      3               -3.6              291.6  
1978      4               -2.8               95.7  
1978      5                1.0              167.5  
1978      6                4.6              136.5  
1978      7                7.4              160.6  
1978      8                7.4              180.8  
1978      9                6.1              137.0  
1978     10                3.8              123.8  
1978     11                0.5               44.6  
1978     12               -2.9               83.9  
1979      1               -7.7              204.9  
1979      2               -5.3              103.9  
1979      3               -3.6              293.8  
1979      4               -3.6              145.2  
1979      5                2.2               87.2  
1979      6                6.7              134.9  
1979      7                8.0               55.4  
1979      8                7.2              147.9  
1979      9                6.8               89.4  
1979     10                4.6              155.7  
1979     11               -2.7              206.7  
1979     12               -3.5              365.2  
1980      1               -6.6              208.5  
1980      2               -4.1              168.8  
1980      3               -4.1              125.1  
1980      4               -4.7              287.0  
1980      5                1.2               59.5  
1980      6                4.0              220.2  
1980      7                6.4              181.7  
1980      8                9.5              116.3  
1980      9                8.1               40.3  
1980     10                1.6              269.2  
1980     11               -1.5              101.1  
1980     12               -6.7              277.2  
1981      1               -7.1              435.7  
1981      2               -7.2              127.7  
1981      3               -1.6              218.0  
1981      4                1.0               63.1  
1981      5                2.4              170.5  
1981      6                6.4              129.5  
1981      7                6.8              253.6  
1981      8                9.3               46.8  
1981      9                6.4              249.2  
1981     10                1.7              267.9  
1981     11               -2.5              240.3  
1981     12               -7.0              415.8  
1982      1               -4.0              283.1  
1982      2               -5.0               56.1  
1982      3               -5.5              221.2  
1982      4               -2.0               83.8  
1982      5                3.1               72.5  
1982      6                7.4              144.0  
1982      7               10.0              177.6  
1982      8                8.5              163.6  
1982      9                9.0               83.6  
1982     10                2.2              133.0  
1982     11               -0.1              103.5  
1982     12               -4.3              143.0  
1983      1               -3.1              360.9  
1983      2               -7.5              134.6  
1983      3               -2.7              118.0  
1983      4               -1.1              167.6  
1983      5                1.2              266.6  
1983      6                7.1               70.7  
1983      7               12.9               29.6  
1983      8                9.0               89.0  
1983      9                7.8              126.8  
1983     10                4.5               87.9  
1983     11                1.3              157.1  
1983     12               -3.5              132.0  
1984      1               -6.5              286.0  
1984      2               -7.9              260.5  
1984      3               -6.4              104.6  
1984      4               -2.2               81.7  
1984      5                0.4              117.4  
1984      6                5.7               96.8  
1984      7                8.8              103.7  
1984      8                8.3              104.0  
1984      9                4.3              219.1  
1984     10                3.8               82.7  
1984     11                1.9               69.3  
1984     12               -3.4               95.0  
1985      1              -10.0              176.0  
1985      2               -4.2              154.4  
1985      3               -5.4              165.7  
1985      4               -1.4              172.8  
1985      5                2.7              162.0  
1985      6                5.2              163.6  
1985      7               10.9               94.3  
1985      8                9.1              137.9  
1985      9                9.3               39.1  
1985     10                6.1                3.5  
1985     11               -4.4              150.2  
1985     12               -1.6               33.1  
1986      1               -7.4              584.2  
1986      2               -9.8               44.4  
1986      3               -3.6              169.5  
1986      4               -3.1              275.8  
1986      5                4.5              133.6  
1986      6                6.9              127.6  
1986      7                8.5              127.6  
1986      8                8.6              120.1  
1986      9                8.0               51.1  
1986     10                4.6               75.5  
1986     11                0.1               94.9  
1986     12               -4.3              426.1  
1987      1               -6.5              273.5  
1987      2               -4.7              228.3  
1987      3               -6.7              237.8  
1987      4                0.0              153.8  
1987      5                0.6              269.3  
1987      6                4.8              222.4  
1987      7                9.0              156.4  
1987      8                9.2              162.0  
1987      9                9.6               66.0  
1987     10                5.0              142.3  
1987     11               -1.4              189.5  
1987     12               -0.6               68.0  
1988      1               -3.0              164.8  
1988      2               -6.3              250.8  
1988      3               -5.1              582.7  
1988      4                1.9               71.9  
1988      5                4.9               83.1  
1988      6                6.6              146.4  
1988      7                9.6              128.2  
1988      8               10.2              117.8  
1988      9                6.6               90.5  
1988     10                5.5              189.0  
1988     11               -0.7               92.1  
1988     12               -4.0              343.5  
1989      1               -1.4                9.6  
1989      2               -2.1              117.1  
1989      3               -0.9              134.3  
1989      4               -1.9              261.9  
1989      5                4.7               90.6  
1989      6                5.8               80.0  
1989      7                9.7              172.7  
1989      8                9.2              166.5  
1989      9                6.2              102.0  
1989     10                4.3              130.4  
1989     11               -0.7               97.6  
1989     12               -1.0              119.9  
1990      1               -3.5               41.6  
1990      2               -0.8              345.2  
1990      3               -1.1              127.2  
1990      4               -1.8              185.6  
1990      5                5.4              108.9  
1990      6                6.5              183.5  
1990      7                9.7               95.9  
1990      8               10.2               77.8  
1990      9                5.9               84.1  
1990     10                5.4              144.9  
1990     11               -2.5              297.2  
1990     12               -6.5              214.8  
1991      1               -3.9              147.5  
1991      2               -7.4               41.6  
1991      3               -0.5               89.8  
1991      4               -2.3              171.3  
1991      5               -0.2              264.8  
1991      6                5.6              219.3  
1991      7               11.1              140.3  
1991      8               11.2               47.2  
1991      9                8.9              153.7  
1991     10                2.5               78.4  
1991     11               -1.8              103.8  
1991     12               -3.9              446.2  
1992      1               -2.8               14.6  
1992      2               -3.8              220.2  
1992      3               -2.8              276.1  
1992      4               -0.9              141.8  
1992      5                5.7               32.7  
1992      6                6.3              155.1  
1992      7               10.2               87.3  
1992      8               12.2              127.4  
1992      9                6.9              137.5  
1992     10                0.8              116.6  
1992     11                0.6              265.3  
1992     12               -2.8              138.7  
1993      1               -2.4              119.0  
1993      2               -4.5              106.3  
1993      3               -3.9               83.1  
1993      4               -0.2              191.2  
1993      5                5.2               79.3  
1993      6                7.8              171.1  
1993      7                7.9              164.2  
1993      8               10.2               89.7  
1993      9                5.1              238.3  
1993     10                2.3              233.6  
1993     11               -2.8               80.3  
1993     12               -3.9              251.6  
1994      1               -4.6              338.9  
1994      2               -5.5               83.6  
1994      3                0.0              138.6  
1994      4               -2.1              218.0  
1994      5                4.4              228.0  
1994      6                7.5              124.0  
1994      7               12.2               75.4  
1994      8               11.0              141.4  
1994      9                6.1              146.6  
1994     10                3.5               64.9  
1994     11                2.5              125.3  
1994     12               -2.2              128.5  
1995      1               -6.7              505.1  
1995      2               -2.7              219.5  
1995      3               -5.5              387.2  
1995      4               -0.7              215.6  
1995      5                3.2              186.9  
1995      6                5.0              129.0  
1995      7               11.8               68.9  
1995      8                8.3              193.2  
1995      9                3.6              189.2  
1995     10                7.3                1.7  
1995     11               -2.3              152.2  
1995     12               -4.4              160.2  
1996      1               -2.3               11.5  
1996      2               -8.0              144.0  
1996      3               -5.1              117.0  
1996      4                0.1               70.6  
1996      5                3.4              264.8  
1996      6                8.3               47.2  
1996      7                8.4              170.6  
1996      8                8.1              127.3  
1996      9                3.4               83.7  
1996     10                2.5              177.9  
1996     11               -2.3              445.5  
1996     12               -3.8               72.7  
1997      1               -2.4               12.8  
1997      2               -2.6              186.8  
1997      3               -0.9              172.2  
1997      4               -1.7              163.7  
1997      5                4.5              104.8  
1997      6                6.9              154.2  
1997      7                7.8              220.4  
1997      8               10.9              122.0  
1997      9                9.6               27.1  
1997     10                3.9              135.8  
1997     11               -0.4               71.0  
1997     12               -4.3              268.0  
1998      1               -4.2              173.3  
1998      2               -0.6               30.8  
1998      3               -3.2              141.7  
1998      4               -1.1              145.6  
1998      5                4.9               60.0  
1998      6                8.1              140.6  
1998      7                9.9              112.9  
1998      8               10.5              114.1  
1998      9                6.0              213.8  
1998     10                2.1              177.1  
1998     11               -5.1              165.8  
1998     12               -4.1               67.5  
1999      1               -4.0              318.8  
1999      2               -7.5              544.7  
1999      3               -3.0               61.9  
1999      4               -1.0              204.9  
1999      5                5.7              159.6  
1999      6                6.3              141.7  
1999      7                9.9               89.9  
1999      8               10.0               81.1  
1999      9                8.9              107.8  
1999     10                4.2               82.1  
1999     11               -2.9              200.8  
1999     12               -5.1              366.4  
2000      1               -5.4              182.1  
2000      2               -3.9              319.9  
2000      3               -2.8              263.8  
2000      4                0.3              115.7  
2000      5                5.7               83.0  
2000      6                9.2               86.2  
2000      7                7.2              201.2  
2000      8               10.9              115.7  
2000      9                7.6              166.7  
2000     10                3.6              152.2  
2000     11               -1.7              189.9  
2000     12               -1.9               69.5  
2001      1               -4.7               69.3  
2001      2               -4.6              151.5  
2001      3               -1.1              209.8  
2001      4               -2.2              293.7  
2001      5                6.1               56.0  
2001      6                6.4              238.1  
2001      7                9.7              106.6  
2001      8               11.2              147.7  
2001      9                3.0              255.8  
2001     10                7.5               66.0  
2001     11               -1.8              284.8  
2001     12               -6.2              146.4  
2002      1               -3.2               24.9  
2002      2               -2.7              182.4  
2002      3               -1.2              193.9  
2002      4               -0.1               85.8  
2002      5                3.6              315.3  
2002      6               10.1              153.1  
2002      7                9.3              194.5  
2002      8                8.8              159.2  
2002      9                5.0              169.5  
2002     10                3.4              126.2  
2002     11               -0.6              416.8  
2002     12               -2.6              159.2  
2003      1               -6.5              244.5  
2003      2               -8.2              168.6  
2003      3               -1.3               49.4  
2003      4               -0.6              114.1  
2003      5                5.6              126.9  
2003      6               12.9               50.4  
2003      7               10.7              123.2  
2003      8               13.5               59.7  
2003      9                7.2               69.4  
2003     10                1.1              240.4  
2003     11                0.9              108.2  
2003     12               -3.1              183.0  
2004      1               -6.2              380.5  
2004      2               -4.6              120.4  
2004      3               -3.9              119.6  
2004      4               -0.6              124.2  
2004      5                2.9              153.8  
2004      6                8.4              164.7  
2004      7                9.9               87.2  
2004      8               10.1              141.9  
2004      9                7.7              125.9  
2004     10                5.4              101.8  
2004     11               -1.4              116.1  
2004     12               -2.7               86.6  
2005      1               -5.9              260.9  
2005      2               -9.5              243.5  
2005      3               -2.7               61.8  
2005      4                0.3              151.6  
2005      5                5.0              178.8  
2005      6                9.5               92.2  
2005      7                9.5              105.8  
2005      8                7.9              287.0  
2005      9                7.4               56.4  
2005     10                6.2               66.0  
2005     11               -2.2               56.0  
2005     12               -6.8              171.8  
2006      1               -5.8               90.8  
2006      2               -6.3               93.1  
2006      3               -4.8              166.2  
2006      4               -0.3              134.1  
2006      5                4.0              193.8  
2006      6                9.0               80.2  
2006      7               13.4               54.6  
2006      8                5.8              203.4  
2006      9               10.0               84.8  
2006     10                7.0               52.5  
2006     11                1.0               96.6  
2006     12               -1.0               99.8  
2007      1               -2.2              175.8  
2007      2               -1.6              141.0  
2007      3               -2.7              178.8  
2007      4                5.1               26.8  
2007      5                5.2              320.2  
2007      6                8.4              142.2  
2007      7                9.2              172.8  
2007      8                9.0              189.9  
2007      9                5.2              109.3  
2007     10                3.5               39.9  
2007     11               -2.8              246.5  
2007     12               -4.4              209.6  
2008      1               -2.6              128.6  
2008      2               -1.7               52.6  
2008      3               -4.7              227.3  
2008      4               -1.5              249.9  
2008      5                5.2               57.0  
2008      6                8.4               97.9  
2008      7                9.4              125.1  
2008      8                9.9              193.8  
2008      9                5.4              181.1  
2008     10                4.2              202.6  
2008     11               -1.9              197.8  
2008     12               -4.4              103.0  
2009      1               -5.9               40.9  
2009      2               -6.7              275.8  
2009      3               -4.0              387.3  
2009      4                1.8               90.8  
2009      5                6.1               53.4  
2009      6                7.4               94.1  
2009      7               10.1              116.9  
2009      8               12.0               91.1  
2009      9                8.2               61.3  
2009     10                3.0              126.6  
2009     11                0.5              175.6  
2009     12               -5.9              131.5  
2010      1               -7.5               99.3  
2010      2               -7.1               70.3  
2010      3               -4.4              108.6  
2010      4                0.7               57.3  
2010      5                2.4              227.1  
2010      6                7.7              131.2  
2010      7               11.4              130.3  
2010      8                8.6              217.9  
2010      9                5.7              145.0  
2010     10                2.8              105.8  
2010     11               -2.3              241.5  
2010     12               -7.3              174.9  
2011      1               -5.1               64.1  
2011      2               -3.1               94.0  
2011      3               -1.2               87.5  
2011      4                3.3               42.4  
2011      5                6.3               96.7  
2011      6                7.9              117.7  
2011      7                7.6              154.5  
2011      8               11.5              108.5  
2011      9                9.5              136.6  
2011     10                4.2              209.8  
2011     11                3.2                0.1  
2011     12               -3.6              578.8  
2012      1               -4.7              526.5  
2012      2               -9.4              141.9  
2012      3               -0.1              107.0  
2012      4               -0.7              188.4  
2012      5                4.6              103.5  
2012      6                9.1              184.4  
2012      7                9.6              125.5  
2012      8               11.9              153.3  
2012      9                7.6              113.9  
2012     10                4.6              144.3  
2012     11                0.6              118.2  
2012     12               -5.2              283.5  
2013      1               -5.4              113.8  
2013      2               -9.2              134.0  
2013      3               -4.1               62.0  
2013      4                0.9              156.8  
2013      5                1.4              280.7  
2013      6                6.6              100.8  
2013      7               11.8               95.2  
2013      8               10.4               91.7  
2013      9                7.5              159.2  
2013     10                5.2              102.3  
2013     11               -1.3              277.4  
2013     12               -1.3               99.2  
2014      1               -2.7              118.8  
2014      2               -3.8              181.9  
2014      3               -0.5              112.7  
2014      4                1.8              137.7  
2014      5                2.8              184.2  
2014      6                8.6               72.9  
2014      7                9.1              278.9  
2014      8                8.0              153.0  
2014      9                7.9               66.7  
2014     10                6.1              132.0  
2014     11                2.3              186.0  
2014     12               -3.1              165.7  
2015      1               -4.4              284.8  
2015      2               -5.6              145.5  
2015      3               -1.8              281.5  
2015      4                1.0              188.9  
2015      5                4.5              196.2  
2015      6                9.1              131.3  
2015      7               13.2              104.5  
2015      8               11.7              130.7  
2015      9                5.2              115.3  
2015     10                3.3               91.8  
2015     11                1.9              147.5  
2015     12                1.5               24.6  
2016      1               -3.9              218.8  
2016      2               -3.8              232.2  
2016      3               -4.3              127.2  
2016      4                0.4              210.6  
2016      5                2.9              257.6  
2016      6                7.5              145.8  
2016      7               10.8              129.6  
2016      8               10.7              101.5  
2016      9                8.9              129.6  
2016     10                2.6               81.4  
2016     11               -0.7               94.8  
2016     12               -0.5                0.0  
2017      1               -6.7              160.0  
2017      2               -2.4              120.0  
2017      3                0.6              235.5  
2017      4               -0.2              222.7  
2017      5                5.2              122.8  
2017      6               10.8              112.6  
2017      7               10.6              123.0  
2017      8               11.7              185.3  
2017      9                4.7              148.3  
2017     10                5.0              169.3  
2017     11               -2.1              235.7  
2017     12               -5.4              232.9  
2018      1               -2.7              391.4  
2018      2               -9.0               93.9  
2018      3               -4.0              233.6  
2018      4                3.0               44.8  
2018      5                5.9               90.3  
2018      6                9.0               49.8  
2018      7               11.6               50.9  
2018      8               11.5              119.8  
2018      9                9.0               73.0  
2018     10                5.5              166.6  
2018     11                0.9               46.4  
2018     12               -2.8              321.7  
2019      1               -7.9              412.0  
2019      2               -0.6               94.7  
2019      3               -1.9              287.5  
2019      4                0.3              288.7  
2019      5                1.3              176.7  
2019      6               11.4              144.2  
2019      7               11.8               85.9  
2019      8               11.6              129.4  
2019      9                8.1               96.4  
2019     10                6.0              214.1  
2019     11               -1.2              163.1  
2019     12               -1.2              205.1  
2020      1               -1.4               73.2  
2020      2               -1.6              266.1  
2020      3               -2.1               98.2  
2020      4                3.7               39.2  
2020      5                5.6              100.9  
2020      6                7.4              147.5  
2020      7               11.0               93.4  
2020      8               11.1              157.7  
2020      9                8.5               94.7  
2020     10                2.0              219.8  
2020     11                3.0               37.4  
2020     12               -3.6              174.0  
2021      1               -6.4              422.4  
2021      2               -1.2               80.3  
2021      3               -3.0              198.6  
2021      4               -1.6               65.5  
2021      5                1.6              260.2  
2021      6               10.0              128.1  
2021      7                9.9              274.3  
2021      8                9.1               71.1  
2021      9                9.1               76.2  
2021     10                4.1               70.7  
2021     11               -0.4              139.9  
2021     12               -1.9              189.0  
2022      1               -3.0              139.0  
2022      2               -3.4              323.6  
2022      3               -1.2               23.8  
2022      4                0.6              115.9  
2022      5                7.2               78.3  
2022      6               11.3              145.5  
2022      7               12.6               74.7  
2022      8               12.0               95.4  
2022      9                6.3              133.9  
2022     10                8.3               98.0  
2022     11                0.7               91.1  
2022     12               -1.8              106.8  
2023      1               -4.9               95.6  
2023      2               -2.4               86.5  
2023      3               -1.0              288.1  
2023      4               -0.7              236.9  
2023      5                5.0              128.4  
2023      6               10.7               72.1  
2023      7               11.6              102.1  
2023      8               11.3              196.7  
2023      9               11.2               65.1  
